                                                  The MEANS Procedure

 Variable               N           Mean        Std Dev        Minimum        Maximum
 ------------------------------------------------------------------------------------
 DPA                   31     -0.0000000      1.0000000     -1.9906062      2.3781578
 DNA                   31     -0.0000000      1.0000000     -5.1051277      0.8821744
 LAG_PA                31     -0.0000000      1.0000000     -1.9543177      2.1357311
 LAG_NA                31      0.0000000      1.0000000     -0.3614585      5.0763653
 ENH_PERSONC           36      0.0000000      1.0000000     -2.3396604      1.9497170
 COP_PERSONC           36     -0.0000000      1.0000000     -2.9670874      1.5577209
 ALCYN                 36      0.0000000      1.0000000     -0.2972942      3.2702361
 WITH_PPL              36     -0.0000000      1.0000000     -1.4864710      0.6540472
 STUDYDAY              36     -0.0000000      1.0000000     -0.8467868      3.4068398
 WEEKEND               36      0.0000000      1.0000000     -0.4844320      2.0069324
 HOUR_AFTER_WAKE       36      0.0000000      1.0000000     -1.4199058      1.5220573
 ------------------------------------------------------------------------------------

